-8.20000000000004 -12.4000000000001 -4.20000000000002 
4e-06
-8.20000000000004 -12.4000000000001 -4.20000000000002 
6e-06
-8.20000000000004 -12.4000000000001 -4.20000000000002 
5e-06
-8.20000000000004 -12.4000000000001 -4.20000000000002 
6e-06
-8.20000000000004 -12.4000000000001 -4.20000000000002 
4e-06
-8.20000000000004 -12.4000000000001 -4.20000000000002 
4e-06
-8.20000000000004 -12.4000000000001 -4.20000000000002 
4e-06
-8.20000000000004 -12.4000000000001 -4.20000000000002 
1.3e-05
-8.20000000000004 -12.4000000000001 -4.20000000000002 
4e-06
-8.20000000000004 -12.4000000000001 -4.20000000000002 
4e-06
-8.20000000000004 -12.4000000000001 -4.20000000000002 
6e-06
-8.20000000000004 -12.4000000000001 -4.20000000000002 
6e-06
-8.20000000000004 -12.4000000000001 -4.20000000000002 
4e-06
-8.20000000000004 -12.4000000000001 -4.20000000000002 
6e-06
-8.20000000000004 -12.4000000000001 -4.20000000000002 
4e-06
-8.20000000000004 -12.4000000000001 -4.20000000000002 
6e-06
-8.20000000000004 -12.4000000000001 -4.20000000000002 
4e-06
-8.20000000000004 -12.4000000000001 -4.20000000000002 
3e-06
-8.20000000000004 -12.4000000000001 -4.20000000000002 
3e-06
-8.20000000000004 -12.4000000000001 -4.20000000000002 
3e-06
