-8.2 -12.4 -4.2 
0.000238
-8.2 -12.4 -4.2 
0.000136
-8.2 -12.4 -4.2 
0.000181
-8.2 -12.4 -4.2 
0.000147
-8.2 -12.4 -4.2 
0.00016
-8.2 -12.4 -4.2 
0.000127
-8.2 -12.4 -4.2 
0.000242
-8.2 -12.4 -4.2 
8.5e-05
-8.2 -12.4 -4.2 
0.000156
-8.2 -12.4 -4.2 
0.000125
-8.2 -12.4 -4.2 
0.00063
-8.2 -12.4 -4.2 
9.5e-05
-8.2 -12.4 -4.2 
0.000166
-8.2 -12.4 -4.2 
0.000136
-8.2 -12.4 -4.2 
0.000251
-8.2 -12.4 -4.2 
0.000114
-8.2 -12.4 -4.2 
7.9e-05
-8.2 -12.4 -4.2 
7.8e-05
-8.2 -12.4 -4.2 
7.4e-05
-8.2 -12.4 -4.2 
0.000143
