2.29166666666667 1.54166666666667 -0.208333333333333 
0.000255
2.29166666666667 1.54166666666667 -0.208333333333333 
0.000162
2.29166666666667 1.54166666666667 -0.208333333333333 
0.000164
2.29166666666667 1.54166666666667 -0.208333333333333 
0.000201
2.29166666666667 1.54166666666667 -0.208333333333333 
0.00015
2.29166666666667 1.54166666666667 -0.208333333333333 
0.000148
2.29166666666667 1.54166666666667 -0.208333333333333 
0.000122
2.29166666666667 1.54166666666667 -0.208333333333333 
0.0001
2.29166666666667 1.54166666666667 -0.208333333333333 
0.000189
2.29166666666667 1.54166666666667 -0.208333333333333 
9e-05
