-8.88888888888896 19.3166666666668 8.80000000000004 
0.000252
-8.88888888888896 19.3166666666668 8.80000000000004 
0.000182
-8.88888888888896 19.3166666666668 8.80000000000004 
0.000135
-8.88888888888896 19.3166666666668 8.80000000000004 
0.000111
-8.88888888888896 19.3166666666668 8.80000000000004 
0.000163
-8.88888888888896 19.3166666666668 8.80000000000004 
0.000117
-8.88888888888896 19.3166666666668 8.80000000000004 
0.000172
-8.88888888888896 19.3166666666668 8.80000000000004 
0.000107
-8.88888888888896 19.3166666666668 8.80000000000004 
0.000108
-8.88888888888896 19.3166666666668 8.80000000000004 
0.000108
-8.20000000000004 -12.4000000000001 -4.20000000000002 
0.002509
-8.20000000000004 -12.4000000000001 -4.20000000000002 
0.000187
-8.20000000000004 -12.4000000000001 -4.20000000000002 
0.000112
-8.20000000000004 -12.4000000000001 -4.20000000000002 
0.000159
-8.20000000000004 -12.4000000000001 -4.20000000000002 
0.00015
-8.20000000000004 -12.4000000000001 -4.20000000000002 
0.000149
-8.20000000000004 -12.4000000000001 -4.20000000000002 
0.000139
-8.20000000000004 -12.4000000000001 -4.20000000000002 
9.4e-05
-8.20000000000004 -12.4000000000001 -4.20000000000002 
9.9e-05
-8.20000000000004 -12.4000000000001 -4.20000000000002 
0.000151
