2.29166666666667 1.54166666666667 -0.208333333333333 
0.000261
2.29166666666667 1.54166666666667 -0.208333333333333 
0.000209
2.29166666666667 1.54166666666667 -0.208333333333333 
0.000146
2.29166666666667 1.54166666666667 -0.208333333333333 
0.000158
2.29166666666667 1.54166666666667 -0.208333333333333 
0.000119
2.29166666666667 1.54166666666667 -0.208333333333333 
0.000198
2.29166666666667 1.54166666666667 -0.208333333333333 
0.000174
2.29166666666667 1.54166666666667 -0.208333333333333 
0.000106
2.29166666666667 1.54166666666667 -0.208333333333333 
0.000132
2.29166666666667 1.54166666666667 -0.208333333333333 
0.000242
