2.29166666666667 1.54166666666667 -0.208333333333333 
6e-06
2.29166666666667 1.54166666666667 -0.208333333333333 
1e-05
2.29166666666667 1.54166666666667 -0.208333333333333 
4e-06
2.29166666666667 1.54166666666667 -0.208333333333333 
5e-06
2.29166666666667 1.54166666666667 -0.208333333333333 
4e-06
2.29166666666667 1.54166666666667 -0.208333333333333 
6e-06
2.29166666666667 1.54166666666667 -0.208333333333333 
8e-06
2.29166666666667 1.54166666666667 -0.208333333333333 
7e-06
2.29166666666667 1.54166666666667 -0.208333333333333 
5e-06
2.29166666666667 1.54166666666667 -0.208333333333333 
3e-06
